[
[["light"],[0.0, 75, 0.0],[1.0,1.0,1.0],[1.0,1.0, 1.0],[0.1, 0.1, 0.1]],
[["light"],[0.0, 75, 0.0],[1.0,1.0,1.0],[1.0,1.0, 1.0],[0.1, 0.1, 0.1]],
[["sphere"],[0,0.0,0],[25],[1.0, 1.0, 1.0],[1.0, 1.0, 0.0],[1.0, 1.0, 0.0],[100.0]],
[["sphere"],[-50,-10.0,-50],[25],[1.0, 1.0, 1.0],[1.0, 1.0, 0.0],[1.0, 1.0, 0.0],[100.0]],
[["sphere"],[-50,-10.0,50],[25],[1.0, 1.0, 1.0],[1.0, 1.0, 0.0],[1.0, 1.0, 0.0],[100.0]],
[["sphere"],[50,-10.0,-50],[25],[1.0, 1.0, 1.0],[1.0, 1.0, 0.0],[1.0, 1.0, 0.0],[100.0]],
[["sphere"],[50,-10.0,50],[25],[1.0, 1.0, 1.0],[1.0, 1.0, 0.0],[1.0, 1.0, 0.0],[100.0]],
[["cone"],[0,-25,0],[25],[1.0],[1.0,1.0,1.0],[0.0,1.0,0.0],[0.0,0.5,0.0],[1.0]],
[["cone"],[50,-25,50],[25],[1.0],[1.0,1.0,1.0],[0.0,1.0,0.0],[0.0,0.5,0.0],[1.0]],
[["cone"],[-50,-25,50],[25],[1.0],[1.0,1.0,1.0],[0.0,1.0,0.0],[0.0,0.5,0.0],[1.0]],
[["cone"],[-50,-25,-50],[25],[1.0],[1.0,1.0,1.0],[0.0,1.0,0.0],[0.0,0.5,0.0],[1.0]],
[["cone"],[50,-25,-50],[25],[1.0],[1.0,1.0,1.0],[0.0,1.0,0.0],[0.0,0.5,0.0],[1.0]],
[["cube"],[0, -125, 0],[75],[1.0,1.0,1.0],[0.0, 0.0, 1.0],[0, 0, 1.0],[3.0]]
]